 FREQUENCY   TYPE          T1             T2             T3             R1             R2             R3
0  5.000000E+00     G      3.009330E-13   1.137614E+02   1.280661E-03   0.0            8.140775E-02   1.827318E-03
                           359.9714       179.9414       180.0000         0.0          181.1460       359.9414
0  6.000000E+00     G      3.032314E-13   1.156484E+02   1.280652E-03   0.0            5.653320E-02   1.857629E-03
                           359.9803       179.9095       180.0000         0.0          181.1460       359.9095
0  7.000000E+00     G      3.046202E-13   1.179605E+02   1.280642E-03   0.0            4.153463E-02   1.894767E-03
                           359.9855       179.8679       180.0001         0.0          181.1459       359.8679
0  8.000000E+00     G      3.055246E-13   1.207453E+02   1.280629E-03   0.0            3.179998E-02   1.939498E-03
                           359.9889       179.8146       180.0001         0.0          181.1459       359.8146
0  9.000000E+00     G      3.061475E-13   1.240640E+02   1.280612E-03   0.0            2.512594E-02   1.992806E-03
                           359.9913       179.7476       180.0002         0.0          181.1459       359.7476
0  1.000000E+01     G      3.065956E-13   1.279949E+02   1.280593E-03   0.0            2.035204E-02   2.055946E-03
                           359.9929       179.6641       180.0002         0.0          181.1459       359.6641
0  1.100000E+01     G      3.069296E-13   1.326385E+02   1.280568E-03   0.0            1.681990E-02   2.130536E-03
                           359.9942       179.5607       180.0003         0.0          181.1459       359.5607
0  1.200000E+01     G      3.071855E-13   1.381252E+02   1.280538E-03   0.0            1.413341E-02   2.218667E-03
                           359.9952       179.4331       180.0004         0.0          181.1458       359.4331
0  1.300000E+01     G      3.073861E-13   1.446256E+02   1.280501E-03   0.0            1.204270E-02   2.323082E-03
                           359.9960       179.2758       180.0006         0.0          181.1458       359.2758
0  1.400000E+01     G      3.075461E-13   1.523666E+02   1.280456E-03   0.0            1.038378E-02   2.447423E-03
                           359.9967       179.0815       180.0008         0.0          181.1458       359.0815
0  1.500000E+01     G      3.076750E-13   1.616552E+02   1.280399E-03   0.0            9.045453E-03   2.596623E-03
                           359.9974       178.8404       180.0011         0.0          181.1458       358.8404
0  1.600000E+01     G      3.077790E-13   1.729165E+02   1.280327E-03   0.0            7.950133E-03   2.777510E-03
                           359.9981       178.5388       180.0015         0.0          181.1458       358.5388
0  1.700000E+01     G      3.078622E-13   1.867548E+02   1.280235E-03   0.0            7.042362E-03   2.999791E-03
                           359.9990       178.1575       180.0020         0.0          181.1458       358.1575
0  1.800000E+01     G      3.079263E-13   2.040574E+02   1.280116E-03   0.0            6.281646E-03   3.277719E-03
                            -0.0000       177.6684       180.0029         0.0          181.1457       357.6684
0  1.848894E+01     G      3.079507E-13   2.141621E+02   1.280046E-03   0.0            5.953821E-03   3.440027E-03
                             0.0006       177.3778       180.0034         0.0          181.1457       357.3778
0  1.849899E+01     G      3.079512E-13   2.143831E+02   1.280044E-03   0.0            5.947356E-03   3.443577E-03
                             0.0006       177.3714       180.0034         0.0          181.1457       357.3714
0  1.900000E+01     G      3.079713E-13   2.261803E+02   1.279960E-03   0.0            5.637857E-03   3.633073E-03
                             0.0014       177.0282       180.0041         0.0          181.1457       357.0282
0  2.000000E+01     G      3.079949E-13   2.552995E+02   1.279749E-03   0.0            5.088208E-03   4.100806E-03
                             0.0036       176.1673       180.0060         0.0          181.1456       356.1673
0  2.100000E+01     G      3.079912E-13   2.951315E+02   1.279453E-03   0.0            4.615206E-03   4.740616E-03
                             0.0070       174.9661       180.0093         0.0          181.1455       354.9661
0  2.200000E+01     G      3.079481E-13   3.525595E+02   1.279021E-03   0.0            4.205242E-03   5.663067E-03
                             0.0132       173.2012       180.0151         0.0          181.1453       353.2012
0  2.245086E+01     G      3.079097E-13   3.875235E+02   1.278756E-03   0.0            4.038078E-03   6.224684E-03
                             0.0177       172.1120       180.0193         0.0          181.1452       352.1120
0  2.246305E+01     G      3.079084E-13   3.885747E+02   1.278748E-03   0.0            4.033694E-03   6.241568E-03
                             0.0179       172.0791       180.0194         0.0          181.1451       352.0791
0  2.300000E+01     G      3.078398E-13   4.417905E+02   1.278348E-03   0.0            3.847608E-03   7.096360E-03
                             0.0257       170.4031       180.0268         0.0          181.1449       350.4031
0  2.400000E+01     G      3.076104E-13   5.968437E+02   1.277213E-03   0.0            3.533790E-03   9.586936E-03
                             0.0558       165.4061       180.0551         0.0          181.1438       345.4061
0  2.500000E+01     G      3.071546E-13   9.159812E+02   1.275202E-03   0.0            3.256962E-03   1.471316E-02
                             0.1518       154.4821       180.1452         0.0          181.1403       334.4821
0  2.600000E+01     G      3.071685E-13   1.628889E+03   1.275017E-03   0.0            3.011303E-03   2.616439E-02
                             0.5408       121.7750       180.5105         0.0          181.1257       301.7750
0  2.641277E+01     G      3.087123E-13   1.831853E+03   1.280935E-03   0.0            2.917394E-03   2.942455E-02
                             0.7107        94.4695       180.6710         0.0          181.1187       274.4695
0  2.642712E+01     G      3.087830E-13   1.831492E+03   1.281208E-03   0.0            2.914201E-03   2.941876E-02
                             0.7113        93.4336       180.6716         0.0          181.1186       273.4336
0  2.700000E+01     G      3.106871E-13   1.465211E+03   1.288525E-03   0.0            2.791188E-03   2.353528E-02
                             0.4779        57.7287       180.4528         0.0          181.1268       237.7287
0  2.800000E+01     G      3.105449E-13   7.990940E+02   1.287758E-03   0.0            2.595421E-03   1.283563E-02
                             0.1542        30.5414       180.1482         0.0          181.1393       210.5414
0  2.900000E+01     G      3.101699E-13   5.137300E+02   1.286076E-03   0.0            2.419640E-03   8.251903E-03
                             0.0680        21.0314       180.0670         0.0          181.1427       201.0314
0  3.000000E+01     G      3.099755E-13   3.713858E+02   1.285099E-03   0.0            2.261093E-03   5.965468E-03
                             0.0372        16.5088       180.0381         0.0          181.1439       196.5088
0  3.037469E+01     G      3.099313E-13   3.353873E+02   1.284845E-03   0.0            2.205673E-03   5.387234E-03
                             0.0306        15.3866       180.0321         0.0          181.1442       195.3866
0  3.039119E+01     G      3.099296E-13   3.339496E+02   1.284835E-03   0.0            2.203279E-03   5.364140E-03
                             0.0304        15.3420       180.0318         0.0          181.1442       195.3420
0  3.100000E+01     G      3.098800E-13   2.878511E+02   1.284509E-03   0.0            2.117612E-03   4.623673E-03
                             0.0228        13.9202       180.0248         0.0          181.1445       193.9202
0  3.200000E+01     G      3.098384E-13   2.333283E+02   1.284128E-03   0.0            1.987358E-03   3.747888E-03
                             0.0150        12.2655       180.0176         0.0          181.1448       192.2655
0  3.300000E+01     G      3.098287E-13   1.950856E+02   1.283870E-03   0.0            1.868757E-03   3.133606E-03
                             0.0102        11.1300       180.0131         0.0          181.1450       191.1300
0  3.400000E+01     G      3.098394E-13   1.668481E+02   1.283690E-03   0.0            1.760461E-03   2.680035E-03
                             0.0069        10.3119       180.0102         0.0          181.1451       190.3119
0  3.433660E+01     G      3.098464E-13   1.589436E+02   1.283642E-03   0.0            1.726119E-03   2.553068E-03
                             0.0060        10.0872       180.0095         0.0          181.1452       190.0872
0  3.435526E+01     G      3.098469E-13   1.585251E+02   1.283639E-03   0.0            1.724245E-03   2.546346E-03
                             0.0060        10.0753       180.0094         0.0          181.1452       190.0753
0  3.500000E+01     G      3.098642E-13   1.451837E+02   1.283562E-03   0.0            1.661312E-03   2.332046E-03
                             0.0046         9.7018       180.0082         0.0          181.1452       189.7018
0  3.600000E+01     G      3.098991E-13   1.280625E+02   1.283472E-03   0.0            1.570307E-03   2.057033E-03
                             0.0028         9.2352       180.0067         0.0          181.1453       189.2352
0  3.700000E+01     G      3.099417E-13   1.142095E+02   1.283408E-03   0.0            1.486580E-03   1.834515E-03
                             0.0014         8.8719       180.0056         0.0          181.1453       188.8719
0  3.800000E+01     G      3.099905E-13   1.027838E+02   1.283366E-03   0.0            1.409375E-03   1.650988E-03
                             0.0003         8.5854       180.0047         0.0          181.1454       188.5854
0  3.900000E+01     G      3.100442E-13   9.320944E+01   1.283339E-03   0.0            1.338031E-03   1.497198E-03
                           359.9993         8.3573       180.0040         0.0          181.1454       188.3573
0  4.000000E+01     G      3.101022E-13   8.507832E+01   1.283325E-03   0.0            1.271970E-03   1.366590E-03
                           359.9984         8.1749       180.0034         0.0          181.1454       188.1749
0  4.100000E+01     G      3.101639E-13   7.809364E+01   1.283322E-03   0.0            1.210684E-03   1.254397E-03
                           359.9977         8.0289       180.0030         0.0          181.1454       188.0289
0  4.200000E+01     G      3.102289E-13   7.203432E+01   1.283328E-03   0.0            1.153722E-03   1.157067E-03
                           359.9970         7.9122       180.0025         0.0          181.1454       187.9122
0  4.300000E+01     G      3.102969E-13   6.673238E+01   1.283341E-03   0.0            1.100688E-03   1.071904E-03
                           359.9963         7.8197       180.0022         0.0          181.1454       187.8197
0  4.400000E+01     G      3.103676E-13   6.205794E+01   1.283360E-03   0.0            1.051228E-03   9.968196E-04
                           359.9957         7.7471       180.0019         0.0          181.1455       187.7471
0  4.500000E+01     G      3.104408E-13   5.790899E+01   1.283385E-03   0.0            1.005029E-03   9.301762E-04
                           359.9952         7.6913       180.0016         0.0          181.1455       187.6913
0  4.600000E+01     G      3.105166E-13   5.420436E+01   1.283415E-03   0.0            9.618097E-04   8.706697E-04
                           359.9946         7.6497       180.0013         0.0          181.1455       187.6497
0  4.700000E+01     G      3.105946E-13   5.087861E+01   1.283449E-03   0.0            9.213195E-04   8.172491E-04
                           359.9941         7.6203       180.0011         0.0          181.1455       187.6203
0  4.800000E+01     G      3.106749E-13   4.787846E+01   1.283488E-03   0.0            8.833334E-04   7.690585E-04
                           359.9935         7.6013       180.0009         0.0          181.1455       187.6013
0  4.900000E+01     G      3.107573E-13   4.516007E+01   1.283530E-03   0.0            8.476491E-04   7.253937E-04
                           359.9930         7.5915       180.0007         0.0          181.1455       187.5915
0  5.000000E+01     G      3.108418E-13   4.268703E+01   1.283575E-03   0.0            8.140843E-04   6.856700E-04
                           359.9925         7.5896       180.0005         0.0          181.1455       187.5896
0  5.100000E+01     G      3.109285E-13   4.042891E+01   1.283623E-03   0.0            7.824744E-04   6.493985E-04
                           359.9920         7.5946       180.0003         0.0          181.1455       187.5946
0  5.200000E+01     G      3.110171E-13   3.836003E+01   1.283674E-03   0.0            7.526705E-04   6.161666E-04
                           359.9915         7.6058       180.0001         0.0          181.1455       187.6058
0  5.300000E+01     G      3.111078E-13   3.645859E+01   1.283728E-03   0.0            7.245377E-04   5.856242E-04
                           359.9909         7.6225       180.0000         0.0          181.1455       187.6225
0  5.400000E+01     G      3.112004E-13   3.470597E+01   1.283784E-03   0.0            6.979532E-04   5.574725E-04
                           359.9904         7.6440       179.9998         0.0          181.1455       187.6440
0  5.500000E+01     G      3.112950E-13   3.308619E+01   1.283843E-03   0.0            6.728055E-04   5.314543E-04
                           359.9899         7.6700       179.9997         0.0          181.1455       187.6700
0  5.600000E+01     G      3.113915E-13   3.158542E+01   1.283904E-03   0.0            6.489930E-04   5.073479E-04
                           359.9894         7.6998       179.9996         0.0          181.1455       187.6998
0  5.700000E+01     G      3.114899E-13   3.019167E+01   1.283968E-03   0.0            6.264227E-04   4.849605E-04
                           359.9889         7.7332       179.9994         0.0          181.1455       187.7332
0  5.800000E+01     G      3.115903E-13   2.889448E+01   1.284033E-03   0.0            6.050097E-04   4.641240E-04
                           359.9883         7.7697       179.9993         0.0          181.1455       187.7697
0  5.900000E+01     G      3.116926E-13   2.768467E+01   1.284100E-03   0.0            5.846762E-04   4.446912E-04
                           359.9878         7.8092       179.9992         0.0          181.1455       187.8092
0  6.000000E+01     G      3.117967E-13   2.655419E+01   1.284170E-03   0.0            5.653509E-04   4.265326E-04
                           359.9872         7.8513       179.9990         0.0          181.1455       187.8513
0  6.100000E+01     G      3.119028E-13   2.549592E+01   1.284241E-03   0.0            5.469682E-04   4.095338E-04
                           359.9867         7.8959       179.9989         0.0          181.1455       187.8959
0  6.200000E+01     G      3.120108E-13   2.450354E+01   1.284314E-03   0.0            5.294678E-04   3.935935E-04
                           359.9861         7.9426       179.9988         0.0          181.1455       187.9426
0  6.300000E+01     G      3.121206E-13   2.357145E+01   1.284389E-03   0.0            5.127941E-04   3.786216E-04
                           359.9855         7.9914       179.9986         0.0          181.1455       187.9914
0  6.400000E+01     G      3.122324E-13   2.269463E+01   1.284466E-03   0.0            4.968958E-04   3.645376E-04
                           359.9849         8.0421       179.9985         0.0          181.1455       188.0421
0  6.500000E+01     G      3.123460E-13   2.186863E+01   1.284545E-03   0.0            4.817256E-04   3.512697E-04
                           359.9843         8.0945       179.9984         0.0          181.1454       188.0945
0  6.600000E+01     G      3.124615E-13   2.108940E+01   1.284625E-03   0.0            4.672398E-04   3.387532E-04
                           359.9837         8.1484       179.9983         0.0          181.1454       188.1485
0  6.700000E+01     G      3.125789E-13   2.035335E+01   1.284707E-03   0.0            4.533977E-04   3.269302E-04
                           359.9831         8.2039       179.9982         0.0          181.1454       188.2039
0  6.800000E+01     G      3.126982E-13   1.965720E+01   1.284791E-03   0.0            4.401618E-04   3.157482E-04
                           359.9825         8.2607       179.9980         0.0          181.1454       188.2607
0  6.900000E+01     G      3.128193E-13   1.899802E+01   1.284876E-03   0.0            4.274971E-04   3.051599E-04
                           359.9819         8.3188       179.9979         0.0          181.1454       188.3188
0  7.000000E+01     G      3.129424E-13   1.837312E+01   1.284963E-03   0.0            4.153714E-04   2.951223E-04
                           359.9812         8.3781       179.9978         0.0          181.1454       188.3781
0  7.100000E+01     G      3.130674E-13   1.778008E+01   1.285051E-03   0.0            4.037544E-04   2.855965E-04
                           359.9806         8.4384       179.9977         0.0          181.1454       188.4384
0  7.200000E+01     G      3.131942E-13   1.721669E+01   1.285141E-03   0.0            3.926180E-04   2.765469E-04
                           359.9799         8.4998       179.9976         0.0          181.1454       188.4998
0  7.300000E+01     G      3.133230E-13   1.668093E+01   1.285233E-03   0.0            3.819362E-04   2.679411E-04
                           359.9793         8.5622       179.9974         0.0          181.1454       188.5622
0  7.400000E+01     G      3.134536E-13   1.617096E+01   1.285326E-03   0.0            3.716845E-04   2.597496E-04
                           359.9786         8.6254       179.9973         0.0          181.1454       188.6254
0  7.500000E+01     G      3.135861E-13   1.568509E+01   1.285421E-03   0.0            3.618401E-04   2.519453E-04
                           359.9779         8.6895       179.9972         0.0          181.1454       188.6895
0  7.600000E+01     G      3.137206E-13   1.522178E+01   1.285517E-03   0.0            3.523817E-04   2.445033E-04
                           359.9772         8.7544       179.9971         0.0          181.1454       188.7544
0  7.700000E+01     G      3.138570E-13   1.477961E+01   1.285615E-03   0.0            3.432894E-04   2.374007E-04
                           359.9765         8.8200       179.9969         0.0          181.1454       188.8200
0  7.800000E+01     G      3.139952E-13   1.435726E+01   1.285714E-03   0.0            3.345446E-04   2.306166E-04
                           359.9757         8.8863       179.9968         0.0          181.1454       188.8863
0  7.900000E+01     G      3.141354E-13   1.395353E+01   1.285815E-03   0.0            3.261298E-04   2.241316E-04
                           359.9750         8.9532       179.9967         0.0          181.1454       188.9532
0  8.000000E+01     G      3.142776E-13   1.356731E+01   1.285917E-03   0.0            3.180286E-04   2.179279E-04
                           359.9742         9.0208       179.9966         0.0          181.1454       189.0208
0  8.100000E+01     G      3.144216E-13   1.319756E+01   1.286021E-03   0.0            3.102255E-04   2.119888E-04
                           359.9735         9.0890       179.9964         0.0          181.1454       189.0890
0  8.200000E+01     G      3.145676E-13   1.284334E+01   1.286126E-03   0.0            3.027062E-04   2.062990E-04
                           359.9727         9.1577       179.9963         0.0          181.1454       189.1577
0  8.300000E+01     G      3.147155E-13   1.250377E+01   1.286233E-03   0.0            2.954570E-04   2.008445E-04
                           359.9719         9.2269       179.9962         0.0          181.1454       189.2269
0  8.400000E+01     G      3.148653E-13   1.217802E+01   1.286341E-03   0.0            2.884651E-04   1.956121E-04
                           359.9711         9.2966       179.9960         0.0          181.1454       189.2966
0  8.500000E+01     G      3.150171E-13   1.186533E+01   1.286450E-03   0.0            2.817186E-04   1.905894E-04
                           359.9703         9.3668       179.9959         0.0          181.1454       189.3668
0  8.600000E+01     G      3.151709E-13   1.156499E+01   1.286561E-03   0.0            2.752061E-04   1.857652E-04
                           359.9695         9.4374       179.9958         0.0          181.1453       189.4374
0  8.700000E+01     G      3.153266E-13   1.127635E+01   1.286674E-03   0.0            2.689168E-04   1.811288E-04
                           359.9686         9.5084       179.9956         0.0          181.1453       189.5084
0  8.800000E+01     G      3.154842E-13   1.099878E+01   1.286788E-03   0.0            2.628407E-04   1.766704E-04
                           359.9678         9.5798       179.9955         0.0          181.1453       189.5798
0  8.900000E+01     G      3.156438E-13   1.073172E+01   1.286903E-03   0.0            2.569683E-04   1.723806E-04
                           359.9669         9.6516       179.9954         0.0          181.1453       189.6516
0  9.000000E+01     G      3.158054E-13   1.047463E+01   1.287020E-03   0.0            2.512905E-04   1.682510E-04
                           359.9660         9.7237       179.9952         0.0          181.1453       189.7237
0  9.100000E+01     G      3.159690E-13   1.022700E+01   1.287138E-03   0.0            2.457989E-04   1.642734E-04
                           359.9651         9.7962       179.9951         0.0          181.1453       189.7962
0  9.200000E+01     G      3.161345E-13   9.988360E+00   1.287257E-03   0.0            2.404853E-04   1.604402E-04
                           359.9642         9.8690       179.9950         0.0          181.1453       189.8690
0  9.300000E+01     G      3.163021E-13   9.758276E+00   1.287378E-03   0.0            2.353423E-04   1.567444E-04
                           359.9633         9.9420       179.9948         0.0          181.1453       189.9420
0  9.400000E+01     G      3.164716E-13   9.536331E+00   1.287501E-03   0.0            2.303625E-04   1.531794E-04
                           359.9624        10.0154       179.9947         0.0          181.1453       190.0154
0  9.500000E+01     G      3.166431E-13   9.322137E+00   1.287625E-03   0.0            2.255392E-04   1.497389E-04
                           359.9615        10.0891       179.9945         0.0          181.1453       190.0891
0  9.600000E+01     G      3.168167E-13   9.115330E+00   1.287750E-03   0.0            2.208658E-04   1.464170E-04
                           359.9605        10.1630       179.9944         0.0          181.1453       190.1630
0  9.700000E+01     G      3.169922E-13   8.915564E+00   1.287877E-03   0.0            2.163361E-04   1.432082E-04
                           359.9595        10.2371       179.9942         0.0          181.1453       190.2371
0  9.800000E+01     G      3.171698E-13   8.722518E+00   1.288005E-03   0.0            2.119445E-04   1.401073E-04
                           359.9585        10.3115       179.9941         0.0          181.1453       190.3115
0  9.900000E+01     G      3.173494E-13   8.535887E+00   1.288134E-03   0.0            2.076852E-04   1.371095E-04
                           359.9575        10.3861       179.9939         0.0          181.1453       190.3861
0  1.000000E+02     G      3.175310E-13   8.355383E+00   1.288265E-03   0.0            2.035531E-04   1.342101E-04
                           359.9565        10.4609       179.9938         0.0          181.1453       190.4609