     FREQUENCY   TYPE          T1             T2             T3             R1             R2             R3
0  5.000000E+00     G      1.581392E-14   5.084592E+01   1.535764E-12   0.0            4.460949E-08   1.026122E+06
                           359.9422       359.9423       179.8760         0.0           -0.0000        -0.0000
0  6.000000E+00     G      1.607324E-14   5.167821E+01   1.586813E-12   0.0            4.460949E-08   1.026122E+06
                           359.9107       359.9109       179.8072         0.0           -0.0000        -0.0000
0  7.000000E+00     G      1.639081E-14   5.269747E+01   1.650465E-12   0.0            4.460950E-08   1.026122E+06
                           359.8697       359.8699       179.7169         0.0           -0.0000        -0.0000
0  8.000000E+00     G      1.677309E-14   5.392442E+01   1.728743E-12   0.0            4.460951E-08   1.026123E+06
                           359.8173       359.8176       179.6012         0.0           -0.0000        -0.0000
0  9.000000E+00     G      1.722834E-14   5.538560E+01   1.824325E-12   0.0            4.460952E-08   1.026123E+06
                           359.7514       359.7518       179.4554         0.0           -0.0000        -0.0000
0  1.000000E+01     G      1.776713E-14   5.711488E+01   1.940761E-12   0.0            4.460953E-08   1.026123E+06
                           359.6693       359.6699       179.2740         0.0           -0.0000        -0.0000
0  1.100000E+01     G      1.840300E-14   5.915574E+01   2.082802E-12   0.0            4.460955E-08   1.026123E+06
                           359.5679       359.5685       179.0499         0.0           -0.0000        -0.0000
0  1.200000E+01     G      1.915345E-14   6.156436E+01   2.256881E-12   0.0            4.460957E-08   1.026123E+06
                           359.4429       359.4437       178.7746         0.0           -0.0000        -0.0000
0  1.300000E+01     G      2.004135E-14   6.441413E+01   2.471852E-12   0.0            4.460959E-08   1.026124E+06
                           359.2890       359.2899       178.4370         0.0           -0.0000        -0.0000
0  1.400000E+01     G      2.109700E-14   6.780229E+01   2.740145E-12   0.0            4.460962E-08   1.026124E+06
                           359.0991       359.1003       178.0227         0.0           -0.0000        -0.0000
0  1.500000E+01     G      2.236127E-14   7.186006E+01   3.079627E-12   0.0            4.460966E-08   1.026125E+06
                           358.8640       358.8654       177.5126         0.0           -0.0000        -0.0000
0  1.600000E+01     G      2.389052E-14   7.676827E+01   3.516720E-12   0.0            4.460971E-08   1.026125E+06
                           358.5706       358.5723       176.8804         0.0           -0.0000        -0.0000
0  1.700000E+01     G      2.576445E-14   8.278274E+01   4.091831E-12   0.0            4.460977E-08   1.026126E+06
                           358.2009       358.2028       176.0895         0.0           -0.0000        -0.0000
0  1.800000E+01     G      2.809940E-14   9.027688E+01   4.869307E-12   0.0            4.460986E-08   1.026127E+06
                           357.7281       357.7303       175.0862         0.0          359.9999        -0.0000
0  1.861595E+01     G      2.984003E-14   9.586354E+01   5.492835E-12   0.0            4.460993E-08   1.026127E+06
                           357.3689       357.3714       174.3291         0.0          359.9999        -0.0000
0  1.900000E+01     G      3.107184E-14   9.981707E+01   5.956772E-12   0.0            4.460998E-08   1.026128E+06
                           357.1119       357.1145       173.7896         0.0          359.9999        -0.0000
0  2.000000E+01     G      3.496239E-14   1.123040E+02   7.545529E-12   0.0            4.461015E-08   1.026129E+06
                           356.2880       356.2910       172.0705         0.0          359.9998        -0.0000
0  2.100000E+01     G      4.024476E-14   1.292579E+02   1.000282E-11   0.0            4.461042E-08   1.026131E+06
                           355.1471       355.1505       169.7101         0.0          359.9997       359.9999
0  2.200000E+01     G      4.778280E-14   1.534515E+02   1.410810E-11   0.0            4.461086E-08   1.026134E+06
                           353.4882       353.4920       166.3060         0.0          359.9995       359.9999
0  2.260509E+01     G      5.410884E-14   1.737550E+02   1.809665E-11   0.0            4.461127E-08   1.026136E+06
                           352.0750       352.0791       163.4237         0.0          359.9993       359.9998
0  2.300000E+01     G      5.932231E-14   1.904877E+02   2.175644E-11   0.0            4.461163E-08   1.026138E+06
                           350.8985       350.9027       161.0323         0.0          359.9990       359.9998
0  2.400000E+01     G      7.892321E-14   2.533966E+02   3.852935E-11   0.0            4.461314E-08   1.026144E+06
                           346.3868       346.3916       151.9065         0.0          359.9974       359.9996
0  2.500000E+01     G      1.179240E-13   3.785673E+02   8.606390E-11   0.0            4.461592E-08   1.026156E+06
                           336.9424       336.9478       132.9064         0.0          359.9909       359.9991
0  2.600000E+01     G      2.074274E-13   6.658088E+02   2.664318E-10   0.0            4.460370E-08   1.026165E+06
                           310.1591       310.1650        79.2195         0.0          359.9621       359.9968
0  2.659422E+01     G      2.551642E-13   8.189702E+02   4.033068E-10   0.0            4.456406E-08   1.026122E+06
                           273.4274       273.4337         5.6803         0.0          359.9942       359.9949
0  2.700000E+01     G      2.252848E-13   7.230292E+02   3.144542E-10   0.0            4.458564E-08   1.026084E+06
                           246.5621       246.5687       311.8961         0.0            0.0339       359.9958
0  2.800000E+01     G      1.224850E-13   3.930475E+02   9.300402E-11   0.0            4.461370E-08   1.026079E+06
                           213.3341       213.3414       245.3009         0.0            0.0122       359.9986
0  2.900000E+01     G      7.677610E-14   2.463338E+02   3.656220E-11   0.0            4.461233E-08   1.026091E+06
                           202.2258       202.2338       222.9352         0.0            0.0036       359.9994
0  3.000000E+01     G      5.468327E-14   1.754228E+02   1.855816E-11   0.0            4.461107E-08   1.026098E+06
                           197.1564       197.1651       212.6370         0.0            0.0014       359.9997
0  3.058335E+01     G      4.655347E-14   1.493289E+02   1.345470E-11   0.0            4.461064E-08   1.026100E+06
                           195.3328       195.3420       208.8919         0.0            0.0009       359.9998
0  3.100000E+01     G      4.199992E-14   1.347136E+02   1.095393E-11   0.0            4.461041E-08   1.026102E+06
                           194.3225       194.3320       206.7991         0.0            0.0007       359.9998
0  3.200000E+01     G      3.384121E-14   1.085271E+02   7.115617E-12   0.0            4.461005E-08   1.026105E+06
                           192.5371       192.5475       203.0475         0.0            0.0004       359.9999
0  3.300000E+01     G      2.817632E-14   9.034489E+01   4.935576E-12   0.0            4.460983E-08   1.026107E+06
                           191.3232       191.3345       200.4276         0.0            0.0002       359.9999
0  3.400000E+01     G      2.402432E-14   7.701852E+01   3.590214E-12   0.0            4.460970E-08   1.026108E+06
                           190.4541       190.4663       198.4858         0.0            0.0002       359.9999
0  3.457249E+01     G      2.211369E-14   7.088612E+01   3.042869E-12   0.0            4.460964E-08   1.026109E+06
                           190.0625       190.0753       197.5808         0.0            0.0001       359.9999
0  3.500000E+01     G      2.085663E-14   6.685145E+01   2.707421E-12   0.0            4.460960E-08   1.026109E+06
                           189.8086       189.8218       196.9794         0.0            0.0001       359.9999
0  3.600000E+01     G      1.836421E-14   5.885172E+01   2.100204E-12   0.0            4.460954E-08   1.026110E+06
                           189.3163       189.3306       195.7671         0.0            0.0001       359.9999
0  3.700000E+01     G      1.635463E-14   5.240173E+01   1.666664E-12   0.0            4.460949E-08   1.026111E+06
                           188.9334       188.9488       194.7613         0.0            0.0001       359.9999
0  3.800000E+01     G      1.470195E-14   4.709728E+01   1.347618E-12   0.0            4.460946E-08   1.026111E+06
                           188.6314       188.6479       193.9045         0.0            0.0000        -0.0000
0  3.900000E+01     G      1.332037E-14   4.266295E+01   1.106879E-12   0.0            4.460943E-08   1.026112E+06
                           188.3908       188.4085       193.1577         0.0            0.0000        -0.0000
0  4.000000E+01     G      1.214944E-14   3.890469E+01   9.213630E-13   0.0            4.460941E-08   1.026112E+06
                           188.1980       188.2170       192.4931         0.0            0.0000        -0.0000
0  4.100000E+01     G      1.114533E-14   3.568191E+01   7.758130E-13   0.0            4.460940E-08   1.026113E+06
                           188.0431       188.0635       191.8906         0.0            0.0000        -0.0000
0  4.200000E+01     G      1.027556E-14   3.289028E+01   6.598360E-13   0.0            4.460939E-08   1.026113E+06
                           187.9187       187.9405       191.3354         0.0            0.0000        -0.0000
0  4.300000E+01     G      9.515503E-15   3.045078E+01   5.661664E-13   0.0            4.460937E-08   1.026113E+06
                           187.8193       187.8426       190.8159         0.0            0.0000        -0.0000
0  4.400000E+01     G      8.846165E-15   2.830246E+01   4.896088E-13   0.0            4.460937E-08   1.026113E+06
                           187.7406       187.7653       190.3233         0.0            0.0000        -0.0000
0  4.500000E+01     G      8.252676E-15   2.639758E+01   4.263740E-13   0.0            4.460936E-08   1.026114E+06
                           187.6792       187.7055       189.8507         0.0            0.0000        -0.0000
0  4.600000E+01     G      7.723223E-15   2.469824E+01   3.736496E-13   0.0            4.460935E-08   1.026114E+06
                           187.6324       187.6604       189.3923         0.0            0.0000        -0.0000
0  4.700000E+01     G      7.248304E-15   2.317393E+01   3.293151E-13   0.0            4.460935E-08   1.026114E+06
                           187.5981       187.6278       188.9436         0.0            0.0000        -0.0000
0  4.800000E+01     G      6.820193E-15   2.179985E+01   2.917494E-13   0.0            4.460934E-08   1.026114E+06
                           187.5746       187.6060       188.5009         0.0            0.0000        -0.0000
0  4.900000E+01     G      6.432543E-15   2.055564E+01   2.596972E-13   0.0            4.460934E-08   1.026114E+06
                           187.5603       187.5936       188.0610         0.0            0.0000        -0.0000
0  5.000000E+01     G      6.080093E-15   1.942440E+01   2.321757E-13   0.0            4.460934E-08   1.026114E+06
                           187.5541       187.5894       187.6213         0.0            0.0000        -0.0000
0  5.100000E+01     G      5.758448E-15   1.839204E+01   2.084068E-13   0.0            4.460934E-08   1.026114E+06
                           187.5550       187.5923       187.1794         0.0            0.0000        -0.0000
0  5.200000E+01     G      5.463905E-15   1.744666E+01   1.877691E-13   0.0            4.460933E-08   1.026115E+06
                           187.5622       187.6015       186.7336         0.0            0.0000        -0.0000
0  5.300000E+01     G      5.193324E-15   1.657819E+01   1.697616E-13   0.0            4.460933E-08   1.026115E+06
                           187.5749       187.6164       186.2821         0.0            0.0000        -0.0000
0  5.400000E+01     G      4.944028E-15   1.577804E+01   1.539773E-13   0.0            4.460933E-08   1.026115E+06
                           187.5925       187.6362       185.8236         0.0            0.0000        -0.0000
0  5.500000E+01     G      4.713715E-15   1.503882E+01   1.400832E-13   0.0            4.460933E-08   1.026115E+06
                           187.6146       187.6605       185.3566         0.0            0.0000        -0.0000
0  5.600000E+01     G      4.500403E-15   1.435415E+01   1.278046E-13   0.0            4.460933E-08   1.026115E+06
                           187.6405       187.6889       184.8802         0.0            0.0000        -0.0000
0  5.700000E+01     G      4.302367E-15   1.371853E+01   1.169138E-13   0.0            4.460933E-08   1.026115E+06
                           187.6700       187.7208       184.3933         0.0            0.0000        -0.0000
0  5.800000E+01     G      4.118109E-15   1.312712E+01   1.072208E-13   0.0            4.460932E-08   1.026115E+06
                           187.7027       187.7560       183.8950         0.0            0.0000        -0.0000
0  5.900000E+01     G      3.946314E-15   1.257571E+01   9.856588E-14   0.0            4.460932E-08   1.026115E+06
                           187.7383       187.7942       183.3847         0.0            0.0000        -0.0000
0  6.000000E+01     G      3.785827E-15   1.206059E+01   9.081462E-14   0.0            4.460932E-08   1.026115E+06
                           187.7765       187.8352       182.8616         0.0            0.0000        -0.0000
0  6.100000E+01     G      3.635629E-15   1.157850E+01   8.385291E-14   0.0            4.460932E-08   1.026115E+06
                           187.8171       187.8785       182.3252         0.0            0.0000        -0.0000
0  6.200000E+01     G      3.494817E-15   1.112654E+01   7.758359E-14   0.0            4.460932E-08   1.026115E+06
                           187.8599       187.9242       181.7748         0.0            0.0000        -0.0000
0  6.300000E+01     G      3.362589E-15   1.070212E+01   7.192353E-14   0.0            4.460932E-08   1.026115E+06
                           187.9046       187.9719       181.2101         0.0            0.0000        -0.0000
0  6.400000E+01     G      3.238229E-15   1.030296E+01   6.680135E-14   0.0            4.460932E-08   1.026115E+06
                           187.9512       188.0215       180.6306         0.0            0.0000        -0.0000
0  6.500000E+01     G      3.121099E-15   9.927002E+00   6.215547E-14   0.0            4.460932E-08   1.026115E+06
                           187.9994       188.0729       180.0360         0.0            0.0000        -0.0000
0  6.600000E+01     G      3.010623E-15   9.572403E+00   5.793262E-14   0.0            4.460932E-08   1.026115E+06
                           188.0492       188.1259       179.4261         0.0           -0.0000        -0.0000
0  6.700000E+01     G      2.906287E-15   9.237508E+00   5.408650E-14   0.0            4.460932E-08   1.026115E+06
                           188.1004       188.1804       178.8005         0.0           -0.0000        -0.0000
0  6.800000E+01     G      2.807625E-15   8.920823E+00   5.057680E-14   0.0            4.460932E-08   1.026116E+06
                           188.1529       188.2363       178.1591         0.0           -0.0000        -0.0000
0  6.900000E+01     G      2.714215E-15   8.620998E+00   4.736824E-14   0.0            4.460932E-08   1.026116E+06
                           188.2066       188.2935       177.5018         0.0           -0.0000        -0.0000
0  7.000000E+01     G      2.625678E-15   8.336810E+00   4.442992E-14   0.0            4.460932E-08   1.026116E+06
                           188.2614       188.3519       176.8284         0.0           -0.0000        -0.0000
0  7.100000E+01     G      2.541667E-15   8.067149E+00   4.173463E-14   0.0            4.460932E-08   1.026116E+06
                           188.3172       188.4114       176.1391         0.0           -0.0000        -0.0000
0  7.200000E+01     G      2.461867E-15   7.811004E+00   3.925841E-14   0.0            4.460932E-08   1.026116E+06
                           188.3739       188.4719       175.4337         0.0           -0.0000        -0.0000
0  7.300000E+01     G      2.385991E-15   7.567452E+00   3.698005E-14   0.0            4.460932E-08   1.026116E+06
                           188.4316       188.5334       174.7124         0.0           -0.0000        -0.0000
0  7.400000E+01     G      2.313776E-15   7.335652E+00   3.488076E-14   0.0            4.460932E-08   1.026116E+06
                           188.4900       188.5959       173.9752         0.0           -0.0000        -0.0000
0  7.500000E+01     G      2.244983E-15   7.114833E+00   3.294385E-14   0.0            4.460932E-08   1.026116E+06
                           188.5492       188.6592       173.2224         0.0           -0.0000        -0.0000
0  7.600000E+01     G      2.179391E-15   6.904289E+00   3.115443E-14   0.0            4.460932E-08   1.026116E+06
                           188.6091       188.7233       172.4542         0.0           -0.0000        -0.0000
0  7.700000E+01     G      2.116799E-15   6.703370E+00   2.949923E-14   0.0            4.460932E-08   1.026116E+06
                           188.6697       188.7881       171.6708         0.0           -0.0000        -0.0000
0  7.800000E+01     G      2.057019E-15   6.511479E+00   2.796637E-14   0.0            4.460932E-08   1.026116E+06
                           188.7308       188.8537       170.8727         0.0           -0.0000        -0.0000
0  7.900000E+01     G      1.999880E-15   6.328065E+00   2.654521E-14   0.0            4.460932E-08   1.026116E+06
                           188.7925       188.9199       170.0601         0.0           -0.0000        -0.0000
0  8.000000E+01     G      1.945225E-15   6.152620E+00   2.522617E-14   0.0            4.460932E-08   1.026116E+06
                           188.8548       188.9868       169.2334         0.0           -0.0000        -0.0000
0  8.100000E+01     G      1.892906E-15   5.984676E+00   2.400065E-14   0.0            4.460931E-08   1.026116E+06
                           188.9175       189.0542       168.3933         0.0           -0.0000        -0.0000
0  8.200000E+01     G      1.842789E-15   5.823797E+00   2.286088E-14   0.0            4.460931E-08   1.026116E+06
                           188.9806       189.1222       167.5401         0.0           -0.0000        -0.0000
0  8.300000E+01     G      1.794748E-15   5.669581E+00   2.179986E-14   0.0            4.460931E-08   1.026116E+06
                           189.0442       189.1907       166.6745         0.0           -0.0000        -0.0000
0  8.400000E+01     G      1.748667E-15   5.521655E+00   2.081123E-14   0.0            4.460931E-08   1.026116E+06
                           189.1082       189.2597       165.7971         0.0           -0.0000        -0.0000
0  8.500000E+01     G      1.704437E-15   5.379670E+00   1.988924E-14   0.0            4.460931E-08   1.026116E+06
                           189.1725       189.3292       164.9085         0.0           -0.0000        -0.0000
0  8.600000E+01     G      1.661958E-15   5.243304E+00   1.902866E-14   0.0            4.460931E-08   1.026116E+06
                           189.2371       189.3992       164.0095         0.0           -0.0000        -0.0000
0  8.700000E+01     G      1.621135E-15   5.112257E+00   1.822475E-14   0.0            4.460931E-08   1.026116E+06
                           189.3021       189.4695       163.1008         0.0           -0.0000        -0.0000
0  8.800000E+01     G      1.581883E-15   4.986248E+00   1.747317E-14   0.0            4.460931E-08   1.026116E+06
                           189.3673       189.5403       162.1832         0.0           -0.0000        -0.0000
0  8.900000E+01     G      1.544119E-15   4.865014E+00   1.676998E-14   0.0            4.460931E-08   1.026116E+06
                           189.4328       189.6114       161.2575         0.0           -0.0000        -0.0000
0  9.000000E+01     G      1.507767E-15   4.748312E+00   1.611156E-14   0.0            4.460931E-08   1.026116E+06
                           189.4985       189.6829       160.3245         0.0           -0.0000        -0.0000
0  9.100000E+01     G      1.472755E-15   4.635912E+00   1.549463E-14   0.0            4.460931E-08   1.026116E+06
                           189.5645       189.7547       159.3851         0.0           -0.0000        -0.0000
0  9.200000E+01     G      1.439018E-15   4.527601E+00   1.491615E-14   0.0            4.460931E-08   1.026116E+06
                           189.6306       189.8268       158.4403         0.0           -0.0000        -0.0000
0  9.300000E+01     G      1.406491E-15   4.423178E+00   1.437335E-14   0.0            4.460931E-08   1.026116E+06
                           189.6969       189.8993       157.4908         0.0           -0.0000        -0.0000
0  9.400000E+01     G      1.375118E-15   4.322453E+00   1.386368E-14   0.0            4.460931E-08   1.026116E+06
                           189.7634       189.9720       156.5378         0.0           -0.0000        -0.0000
0  9.500000E+01     G      1.344842E-15   4.225252E+00   1.338481E-14   0.0            4.460931E-08   1.026116E+06
                           189.8301       190.0451       155.5820         0.0           -0.0000        -0.0000
0  9.600000E+01     G      1.315612E-15   4.131406E+00   1.293458E-14   0.0            4.460931E-08   1.026116E+06
                           189.8969       190.1183       154.6244         0.0           -0.0000        -0.0000
0  9.700000E+01     G      1.287379E-15   4.040761E+00   1.251099E-14   0.0            4.460931E-08   1.026116E+06
                           189.9638       190.1919       153.6660         0.0           -0.0000        -0.0000
0  9.800000E+01     G      1.260097E-15   3.953168E+00   1.211223E-14   0.0            4.460931E-08   1.026116E+06
                           190.0308       190.2656       152.7077         0.0           -0.0000        -0.0000
0  9.900000E+01     G      1.233723E-15   3.868490E+00   1.173658E-14   0.0            4.460931E-08   1.026116E+06
                           190.0979       190.3396       151.7504         0.0           -0.0000        -0.0000
0  1.000000E+02     G      1.208217E-15   3.786595E+00   1.138250E-14   0.0            4.460931E-08   1.026116E+06
                           190.1651       190.4139       150.7951         0.0           -0.0000        -0.0000