XYDATA, Node 61: Accelerations, Translational, MAG
5. 113.76138
6. 115.64842
7. 117.96048
8. 120.74528
9. 124.06397
10. 127.99485
11. 132.63852
12. 138.12521
13. 144.62563
14. 152.36658
15. 161.65518
16. 172.91647
17. 186.75475
18. 204.05743
18.488939 214.16209
18.498985 214.3831
19. 226.18034
20. 255.2995
21. 295.13147
22. 352.55948
22.450855 387.5235
22.463053 388.57465
23. 441.79053
24. 596.84369
25. 915.98126
26. 1628.8887
26.412771 1831.8531
26.427122 1831.4924
27. 1465.2107
28. 799.09406
29. 513.72998
30. 371.38577
30.374687 335.3873
30.39119 333.94955
31. 287.8511
32. 233.32825
33. 195.08554
34. 166.8481
34.336601 158.94362
34.355259 158.52513
35. 145.18369
36. 128.06255
37. 114.20946
38. 102.78382
39. 93.209435
40. 85.078331
41. 78.093643
42. 72.034317
43. 66.732384
44. 62.057938
45. 57.908993
46. 54.204361
47. 50.878613
48. 47.878464
49. 45.160065
50. 42.687035
51. 40.428913
52. 38.360031
53. 36.458591
54. 34.705975
55. 33.086197
56. 31.585424
57. 30.191673
58. 28.894478
59. 27.684669
60. 26.554192
61. 25.495916
62. 24.50354
63. 23.571444
64. 22.694633
65. 21.868628
66. 21.089403
67. 20.353352
68. 19.657204
69. 18.998018
70. 18.373119
71. 17.780079
72. 17.216688
73. 16.680929
74. 16.170961
75. 15.685095
76. 15.221786
77. 14.779609
78. 14.35726
79. 13.953529
80. 13.567307
81. 13.197564
82. 12.843346
83. 12.503769
84. 12.178018
85. 11.865328
86. 11.564992
87. 11.276348
88. 10.998783
89. 10.731722
90. 10.474627
91. 10.226996
92. 9.9883595
93. 9.758276
94. 9.5363312
95. 9.3221378
96. 9.1153297
97. 8.9155645
98. 8.722518
99. 8.5358877
100. 8.3553829
